1
0
2
5
6
0
3
9
0
0
0
0
12
0
5
11
6
0
3
9
0
0
0
0
0
0
0
0
7
5
8
6
10
9
0
0
0
0
0
0
0
0
7
5
8
6
10
9
0
0
0
0
4
9
0
0
0
0
14
9
0
0
0
0
3
9
0
0
0
0
0
0
0
0
7
5
8
6
10
9
0
0
0
0
0
0
0
0
7
5
8
6
10
9
	7
5
8
6
10
9
0
0
0
0
4
9
0
0
0
0
14
9
	7
5
8
6
10
9
0
0
0
0
7
5
8
6
10
9
0
0
0
0
7
5
8
6
10
9
0
0
0
0
12
0
5
11
6
9
	14
0
3
9
	0
0
0
0
	7
5
8
6
10
9
	0
0
0
0
	7
5
8
6
10
9
0
0
0
0
0
0
0
0
0
0
0
0
4
9
0
0
0
0
13
9
	7
5
8
6
10
9
0
0
0
0
7
5
8
6
10
9
0
0
0
0
12
0
5
11
6
0
3
9
	7
5
8
6
10
9
0
0
0
0
4
9
0
0
0
0
13
0
3
9
	7
5
8
6
10
9
0
0
0
0
4
9
0
0
0
0
12
0
5
11
6
9
0
0
0
0
0
0
0
0
7
5
8
6
10
9
0
0
0
0
13
0
3
9
	7
5
8
6
10
9
	7
5
8
6
10
9
0
0
0
0
4
9
0
0
0
0
12
0
5
11
6
0
3
9
0
0
0
0
0
0
0
0
0
14
9
0
0
0
0
0
0
0
0
0
0
0
0
0
7
5
8
6
10
9
0
0
0
0
4
9
0
0
0
0
13
9
0
0
0
0
0
0
0
0
7
5
8
6
10
9
9
4
